image_width: 640
image_height: 480
camera_name: camera_enac
camera_matrix:
  rows: 3
  cols: 3
  data: [363.65623590403345, 0.0, 299.598368039087, 0.0, 364.67728486361375, 244.26752111850433, 0.0, 0.0, 1.0]
distorsion_model: fisheye
distortion_coefficients:
  rows: 1
  cols: 4
  data: [-0.05025736209148062, 0.225259430725385, -0.5350206523598681, 0.37564420497603623]
rectification_matrix:
  rows: 3
  cols: 3
  data: [1, 0, 0, 0, 1, 0, 0, 0, 1]
projection_matrix:
  rows: 3
  cols: 4
  data: [264.51639944139765, 243.8759861968605, 304.2377652866947, 1715.1084241929254, -235.61011194052392, 317.1982751546497, 191.12632827312194, 1308.2277686764533, -0.0985798953400281, 0.10029758635022495, 0.9900618154474337, 8.08385644714705]
