image_width: 640
image_height: 480
camera_name: camera_enac
camera_matrix:
  rows: 3
  cols: 3
  data:
  - 364.07352582782545
  - 0.0
  - 296.7864696178224
  - 0.0
  - 364.7572657585268
  - 246.89378123832998
  - 0.0
  - 0.0
  - 1.0
distorsion_model: fisheye
distortion_coefficients:
  rows: 1
  cols: 5
  data:
  - -0.05175833787756569
  - 0.23405397537558484
  - -0.5418077771501236
  - 0.3732060851650435
rectification_matrix:
  rows: 3
  cols: 3
  data:
  - 1
  - 0
  - 0
  - 0
  - 1
  - 0
  - 0
  - 0
  - 1
projection_matrix:
  rows: 3
  cols: 4
  data:
  - 262.1856129520779
  - 245.11047114569206
  - 303.0037987428457
  - 1714.6631046653565
  - -238.05267358781276
  - 317.676614330622
  - 190.83211323811403
  - 1308.3441170660249
  - -0.10708688401198065
  - 0.10288877471919157
  - 0.988911674169836
  - 8.083440285607063
