image_width: 640
image_height: 480
camera_name: camera_enac
camera_matrix:
  rows: 3
  cols: 3
  data:
  - 363.65623590403357
  - 0.0
  - 299.59836803908695
  - 0.0
  - 364.6772848636139
  - 244.26752111850442
  - 0.0
  - 0.0
  - 1.0
distorsion_model: fisheye
distortion_coefficients:
  rows: 1
  cols: 4
  data:
  - -0.050257362091479525
  - 0.22525943072537638
  - -0.5350206523598492
  - 0.3756442049760229
rectification_matrix:
  rows: 3
  cols: 3
  data:
  - 1
  - 0
  - 0
  - 0
  - 1
  - 0
  - 0
  - 0
  - 1
projection_matrix:
  rows: 3
  cols: 4
  data:
  - 191.41885221819823
  - -335.93912818404795
  - 269.274516458546
  - 4794.3438637266145
  - 410.8140064190537
  - 106.22727227743101
  - 112.26648085380894
  - 185.79095976800366
  - 0.3234644284376907
  - 0.049898072430792195
  - 0.9449237778271693
  - 8.116690500479399
