image_width: 1280
image_height: 720
camera_name: raspi_sixty
camera_matrix:
  rows: 3
  cols: 3
  data: [1325.11670, 0.000000, 645.265458, 0.000000, 1322.91964, 347.065952, 0.>
distortion_model: plumb_bob
distortion_coefficients:
  rows: 1
  cols: 5
  data: [-0.51561538, 0.47234418, -0.00150893, 0.00215812, -0.41218849]
rectification_matrix:
  rows: 3
  cols: 3
  data: [1.000000, 0.000000, 0.000000, 0.000000, 1.000000, 0.000000, 0.000000, >
projection_matrix:
  rows: 3
  cols: 4
  data: [1067.763428, 0.000000, 271.609310, 0.000000, 0.000000, 1083.036499, 14>