image_width: 640
image_height: 480
camera_name: camera_enac
camera_matrix:
  rows: 3
  cols: 3
  data:
  - 364.14727263035076
  - 0.0
  - 296.3137148154258
  - 0.0
  - 364.1539990450754
  - 246.06991166123862
  - 0.0
  - 0.0
  - 1.0
distorsion_model: plum_bob
distortion_coefficients:
  rows: 1
  cols: 5
  data:
  - -0.3165711473962593
  - 0.11166893867675555
  - -0.0006353317848233811
  - -0.000554148098740021
  - -0.01937776540266414
rectification_matrix:
  rows: 3
  cols: 3
  data:
  - 1
  - 0
  - 0
  - 0
  - 1
  - 0
  - 0
  - 0
  - 1
projection_matrix:
  rows: 3
  cols: 4
  data:
  - 191.73506991629995
  - -334.8169877390263
  - 267.4701879413795
  - 4785.6870732446205
  - 410.8139030020101
  - 107.77483120468194
  - 113.02680790214325
  - 170.7311860900021
  - 0.3247171166247572
  - 0.055226054131806285
  - 0.9441974778169739
  - 8.073016666590597
