image_width: 1280
image_height: 720
camera_name: camera_enac_1
camera_matrix:
  rows: 3
  cols: 3
  data:
  - 1325.116704719586
  - 0.0
  - 645.2654581959919
  - 0.0
  - 1322.9196443578794
  - 347.06595249058273
  - 0.0
  - 0.0
  - 1.0
distorsion_model: plum_bob
distortion_coefficients:
  rows: 1
  cols: 5
  data:
  - -0.5156153782530304
  - 0.4723441838520614
  - -0.0015089299172488498
  - 0.0021581235030981583
  - -0.41218848544452463
rectification_matrix:
  rows: 3
  cols: 3
  data:
  - 1
  - 0
  - 0
  - 0
  - 1
  - 0
  - 0
  - 0
  - 1
projection_matrix:
  rows: 3
  cols: 4
  data:
  - 408.1695879516608
  - 1009.4311343052409
  - 993.351984562564
  - 34659.23323508478
  - -1214.4222207025268
  - 102.05016955559563
  - 620.7540523941758
  - 22171.250430758304
  - 0.15986738768711983
  - -0.33807497010853343
  - 0.92744149839233
  - 46.93557131950465
