image_width: 1280
image_height: 720
camera_name: camera_enac
camera_matrix:
  rows: 3
  cols: 3
  data: [1300.6186338819853, 0.0, 653.4799272828957, 0.0, 1298.5227441305183, 379.27379152291445, 0.0, 0.0, 1.0]
distorsion_model: plum_bob
distortion_coefficients:
  rows: 1
  cols: 5
  data: [-0.49517715575580773, 0.5338105112451328, -0.0042722277092320975, -0.0008072112765993514, -0.8750577978101622]
rectification_matrix:
  rows: 3
  cols: 3
  data: [1, 0, 0, 0, 1, 0, 0, 0, 1]
projection_matrix:
  rows: 3
  cols: 4
  data: [1114.5157423784406, 50.432175964574256, 934.8561931018118, 32001.27684344774, 54.86955603765738, 1345.6754172669007, 127.10990970102033, 7719.723946372936, -0.2229078931481233, 0.2008291678707384, 0.9539285699173768, 32.72312431115333]
