image_width: 640
image_height: 480
camera_name: narrow_stereo
camera_matrix:
  rows: 3
  cols: 3
  data: [1108.841822, 0.000000, 270.922351, 0.000000, 1113.269054, 150.062438, 0.000000, 0.000000, 1.000000]
distortion_model: plumb_bob
distortion_coefficients:
  rows: 1
  cols: 5
  data: [-0.397521, -0.218279, 0.007118, 0.016861, 0.000000]
rectification_matrix:
  rows: 3
  cols: 3
  data: [1.000000, 0.000000, 0.000000, 0.000000, 1.000000, 0.000000, 0.000000, 0.000000, 1.000000]
projection_matrix:
  rows: 3
  cols: 4
  data: [1067.763428, 0.000000, 271.609310, 0.000000, 0.000000, 1083.036499, 147.425130, 0.000000, 0.000000, 0.000000, 1.000000, 0.000000]
